0
0
0.007335299999999998
0.007327949999999998
0.007320599999999998
0.007313249999999998
0.007305899999999998
0.007298549999999997
0.007291199999999998
0.007283849999999998
0.007276499999999997
0.007269149999999998
0.007261799999999999
0.0072544499999999965
0.007247099999999998
0.007239749999999998
0.007232399999999997
0.007225049999999998
0.007217699999999998
0.007210349999999997
0.007202999999999998
0.007195649999999996
0.007188299999999997
0.007180949999999998
0.007173599999999998
0.007166249999999997
0.0071588999999999976
0.007151549999999998
0.007144199999999997
0.007136849999999998
0.007129499999999998
0.007122149999999998
0.0071147999999999975
0.007107449999999998
0.007100099999999998
0.0070927499999999975
0.007085399999999998
0.007078049999999999
0.007070699999999997
0.007063349999999998
0.007055999999999998
0.0070486499999999975
0.007041299999999998
0.007033949999999998
0.007026599999999997
0.007019249999999998
0.007011899999999996
0.007004549999999997
0.006997199999999998
0.006989849999999998
0.006982499999999997
0.006975149999999998
0.006967799999999998
0.006960449999999997
0.0069530999999999985
0.006945749999999998
0.006938399999999997
0.006931049999999998
0.006923699999999998
0.006916349999999997
0.006908999999999998
0.006901649999999998
0.006894299999999999
0.006886949999999997
0.006879599999999998
0.006872249999999998
0.006864899999999998
0.006857549999999998
0.006850199999999998
0.0068428499999999975
0.006835499999999998
0.006828149999999996
0.0068207999999999975
0.006813449999999998
0.006806099999999998
0.0067987499999999975
0.006791399999999998
0.006784049999999998
0.0067766999999999975
0.006769349999999999
0.006761999999999998
0.0067546499999999975
0.006747299999999998
0.006739949999999998
0.0067325999999999974
0.006725249999999998
0.006717899999999998
0.006710549999999999
0.006703199999999997
0.006695849999999998
0.006688499999999997
0.006681149999999998
0.006673799999999998
0.006666449999999998
0.006659099999999998
0.006651749999999998
0.0066443999999999965
0.006637049999999998
0.006629699999999998
0.006622349999999998
0.006614999999999998
0.006607649999999998
0.006600299999999998
0.006592949999999998
0.006585599999999999
0.006578249999999998
0.006570899999999998
0.006563549999999998
0.006556199999999998
0.0065488499999999976
0.006541499999999998
0.006534149999999998
0.006526799999999997
0.006519449999999999
0.006512099999999998
0.0065047499999999975
0.006497399999999998
0.006490049999999998
0.0064826999999999975
0.006475349999999998
0.006467999999999998
0.006460649999999997
0.006453299999999998
0.006445949999999998
0.006438599999999998
0.006431249999999998
0.006423899999999998
0.006416549999999998
0.006409199999999998
0.006401849999999999
0.006394499999999998
0.006387149999999998
0.006379799999999998
0.006372449999999998
0.006365099999999998
0.006357749999999998
0.006350399999999998
0.006343049999999997
0.006335699999999999
0.006328349999999998
0.006320999999999998
0.006313649999999998
0.006306299999999998
0.006298949999999998
0.006291599999999998
0.006284249999999998
0.006276899999999997
0.006269549999999998
0.006262199999999998
0.0062548499999999976
0.006247499999999998
0.006240149999999998
0.0062327999999999975
0.006225449999999998
0.006218099999999999
0.006210749999999998
0.006203399999999998
0.006196049999999998
0.006188699999999998
0.006181349999999998
0.006173999999999998
0.006166649999999998
0.006159299999999997
0.006151949999999999
0.006144599999999998
0.006137249999999998
0.006129899999999998
0.006122549999999998
0.006115199999999998
0.006107849999999998
0.006100499999999998
0.006093149999999997
0.006085799999999998
0.006078449999999998
0.006071099999999998
0.006063749999999998
0.006056399999999998
0.006049049999999998
0.006041699999999998
0.006034349999999999
0.006026999999999998
0.006019649999999998
0.006012299999999998
0.006004949999999998
0.005997599999999998
0.005990249999999998
0.0059828999999999985
0.005975549999999997
0.005968199999999999
0.0059608499999999984
0.005953499999999998
0.005946149999999998
0.005938799999999998
0.005931449999999998
0.005924099999999998
0.005916749999999998
0.005909399999999997
0.005902049999999998
0.005894699999999998
0.005887349999999998
0
0.005872649999999998
0.005865299999999998
0.005857949999999998
0.005850599999999998
0.005843249999999998
0.005835899999999998
0.005828549999999998
0.005821199999999998
0.005813849999999998
0.005806499999999998
0.005799149999999998
0.005791799999999998
0.005784449999999998
0.005777099999999998
0.005769749999999998
0.005762399999999998
0.0057550499999999985
0.005747699999999998
0.005740349999999998
0.0057329999999999985
0.005725649999999998
0.005718299999999998
0.0057109499999999985
0.005703599999999998
0.005696249999999998
0.0056888999999999985
0.005681549999999998
0.005674199999999998
0.0056668499999999985
0.005659499999999998
0.005652149999999998
0.005644799999999998
0.005637449999999998
0.005630099999999998
0.005622749999999998
0.005615399999999998
0.005608049999999998
0.005600699999999998
0.005593349999999998
0.005585999999999998
0.005578649999999998
0.005571299999999998
0.005563949999999998
0.005556599999999998
0.005549249999999998
0.005541899999999998
0.005534549999999998
0.005527199999999999
0.005519849999999998
0.005512499999999998
0.005505149999999999
0.005497799999999998
0.005490449999999998
0.0054830999999999986
0.005475749999999998
0.005468399999999998
0.0054610499999999985
0.005453699999999998
0.005446349999999998
0.0054389999999999985
0.005431649999999998
0.005424299999999998
0.0054169499999999985
0.005409599999999998
0.005402249999999998
0.0053948999999999985
0.005387549999999998
0.005380199999999998
0.0053728499999999985
0.005365499999999998
0.005358149999999998
0.0053507999999999984
0.005343449999999998
0.005336099999999998
0.005328749999999998
0.005321399999999998
0.005314049999999998
0.005306699999999998
0.005299349999999999
0.005291999999999998
0.005284649999999998
0.005277299999999999
0.005269949999999998
0.005262599999999998
0.005255249999999999
0.005247899999999998
0.005240549999999998
0.005233199999999999
0.005225849999999998
0.005218499999999998
0.005211149999999999
0.005203799999999998
0.005196449999999998
0.005189099999999999
0.005181749999999998
0.005174399999999998
0.0051670499999999986
0.005159699999999998
0.005152349999999998
0.0051449999999999985
0.005137649999999998
0.005130299999999998
0.0051229499999999985
0.005115599999999998
0.005108249999999998
0.0051008999999999985
0.005093549999999999
0.005086199999999998
0.0050788499999999985
0.005071499999999999
0.005064149999999998
0.0050567999999999984
0.005049449999999999
0.005042099999999998
0.005034749999999998
0.005027399999999999
0.005020049999999998
0.005012699999999998
0.005005349999999999
0.004997999999999998
0.004990649999999998
0.004983299999999999
0.004975949999999998
0.004968599999999998
0.004961249999999999
0.004953899999999998
0.004946549999999998
0.004939199999999999
0.004931849999999998
0.004924499999999998
0.004917149999999999
0.004909799999999998
0.004902449999999998
0.004895099999999999
0.004887749999999998
0.004880399999999999
0.0048730499999999986
0.004865699999999999
0.004858349999999998
0.0048509999999999985
0.004843649999999999
0.004836299999999998
0.0048289499999999985
0.004821599999999999
0.004814249999999998
0.0048068999999999985
0.004799549999999998
0.004792199999999998
0.0047848499999999985
0.004777499999999999
0.004770149999999998
0.004762799999999999
0.004755449999999999
0.004748099999999998
0.0047407499999999984
0.004733399999999998
0.004726049999999998
0.004718699999999998
0.004711349999999999
0.004703999999999998
0.004696649999999999
0.004689299999999999
0.004681949999999998
0.0046745999999999975
0.004667249999999999
0.004659899999999998
0.004652549999999998
0.004645199999999999
0.004637849999999999
0.004630499999999998
0.004623149999999999
0.004615799999999998
0.004608449999999998
0.004601099999999999
0.004593749999999999
0.004586399999999998
0.0045790499999999994
0.004571699999999999
0.004564349999999998
0.0045569999999999986
0.004549649999999998
0.004542299999999998
0.0045349499999999985
0.004527599999999999
0.004520249999999998
0.004512899999999999
0.004505549999999999
0.004498199999999998
0.004490849999999998
0.004483499999999999
0.004476149999999998
0.0044687999999999985
0.004461449999999999
0.004454099999999999
0.0044467499999999984
0.004439399999999999
0.004432049999999998
0.004424699999999998
0.004417349999999999
0
0.004402649999999998
0.004395299999999999
0.004387949999999999
0.004380599999999998
0.004373249999999999
0.004365899999999999
0.004358549999999998
0.004351199999999999
0.004343849999999999
0.004336499999999998
0.004329149999999999
0.004321799999999999
0.004314449999999998
0.004307099999999999
0.004299749999999999
0.004292399999999998
0.004285049999999999
0.004277699999999999
0.004270349999999998
0.0042629999999999986
0.004255649999999999
0.004248299999999998
0.004240949999999998
0.004233599999999999
0.004226249999999998
0.0042188999999999985
0.004211549999999999
0.004204199999999998
0.0041968499999999985
0.004189499999999999
0.004182149999999999
0.0041747999999999985
0.004167449999999999
0.004160099999999999
0.0041527499999999985
0.004145399999999999
0.004138049999999999
0.0041306999999999984
0.004123349999999999
0.004115999999999999
0.004108649999999998
0.004101299999999999
0.004093949999999999
0.004086599999999998
0.004079249999999999
0.004071899999999999
0.004064549999999998
0.004057199999999998
0.004049849999999999
0.004042499999999998
0.004035149999999999
0.004027799999999999
0.004020449999999998
0.004013099999999999
0.004005749999999999
0.003998399999999999
0.003991049999999999
0.003983699999999999
0.003976349999999998
0.003968999999999999
0.003961649999999999
0.003954299999999999
0.0039469499999999985
0.003939599999999999
0.003932249999999999
0.0039248999999999985
0.003917549999999999
0.003910199999999999
0.003902849999999998
0.003895499999999999
0.0038881499999999986
0.003880799999999999
0.0038734499999999983
0.0038660999999999986
0.003858749999999999
0.0038513999999999987
0.0038440499999999995
0.003836699999999999
0.0038293499999999987
0.0038219999999999986
0.0038146499999999993
0.0038072999999999987
0.0037999499999999986
0.003792599999999999
0.0037852499999999987
0.003777899999999999
0.003770549999999999
0.0037631999999999987
0.003755849999999999
0.003748499999999999
0.0037411499999999986
0.003733799999999999
0.0037264499999999988
0.003719099999999998
0.003711749999999999
0.0037043999999999988
0.0036970499999999986
0.0036896999999999984
0.0036823499999999987
0.003674999999999999
0.003667649999999999
0.003660299999999999
0.003652949999999999
0.003645599999999999
0.0036382499999999987
0.0036308999999999994
0.003623549999999999
0.0036161999999999987
0.003608849999999999
0.003601499999999999
0.0035941499999999986
0.003586799999999999
0.0035794499999999988
0.0035720999999999986
0.003564749999999999
0.0035573999999999988
0.003550049999999999
0.003542699999999999
0.0035353499999999983
0.003527999999999999
0.003520649999999999
0.0035132999999999987
0.003505949999999998
0.003498599999999999
0.0034912499999999987
0.003483899999999999
0.0034765499999999993
0.0034691999999999987
0.003461849999999999
0.003454499999999999
0.0034471499999999995
0.003439799999999999
0.003432449999999999
0.003425099999999999
0.003417749999999999
0.0034103999999999988
0.003403049999999999
0.003395699999999999
0.0033883499999999987
0.003380999999999999
0.003373649999999999
0.0033662999999999987
0.003358949999999999
0.0033515999999999984
0.0033442499999999987
0.003336899999999999
0.003329549999999999
0.0033221999999999982
0.003314849999999999
0.003307499999999999
0.003300149999999999
0.0032927999999999994
0.003285449999999999
0.003278099999999999
0.003270749999999999
0.0032633999999999996
0.003256049999999999
0.003248699999999999
0.0032413499999999987
0.003233999999999999
0.003226649999999999
0.003219299999999999
0.003211949999999999
0.003204599999999999
0.003197249999999999
0.003189899999999999
0.003182549999999999
0.003175199999999999
0.0031678499999999985
0.003160499999999999
0.003153149999999999
0.003145799999999999
0.0031384499999999984
0.003131099999999999
0.003123749999999999
0.0031163999999999988
0.0031090499999999995
0.003101699999999999
0.003094349999999999
0.003086999999999999
0.0030796499999999997
0.003072299999999999
0.003064949999999999
0.003057599999999999
0.003050249999999999
0.003042899999999999
0.003035549999999999
0.003028199999999999
0.003020849999999999
0.003013499999999999
0.003006149999999999
0.002998799999999999
0.0029914499999999992
0.0029840999999999986
0.002976749999999999
0.002969399999999999
0.002962049999999999
0.0029546999999999985
0.002947349999999999
0
0.002932649999999999
0.0029252999999999996
0.002917949999999999
0.002910599999999999
0.002903249999999999
0.0028958999999999994
0.002888549999999999
0.002881199999999999
0.002873849999999999
0.0028664999999999993
0.002859149999999999
0.002851799999999999
0.0028444499999999992
0.002837099999999999
0.002829749999999999
0.002822399999999999
0.002815049999999999
0.002807699999999999
0.0028003499999999983
0.002792999999999999
0.002785649999999999
0.002778299999999999
0.0027709499999999986
0.0027635999999999993
0.002756249999999999
0.002748899999999999
0.0027415499999999997
0.002734199999999999
0.002726849999999999
0.0027194999999999993
0.0027121499999999995
0.002704799999999999
0.0026974499999999992
0.002690099999999999
0.002682749999999999
0.0026753999999999992
0.002668049999999999
0.002660699999999999
0.002653349999999999
0.002645999999999999
0.0026386499999999993
0.002631299999999999
0.002623949999999999
0.0026165999999999984
0.002609249999999999
0.002601899999999999
0.0025945499999999993
0.0025871999999999987
0.002579849999999999
0.0025724999999999993
0.002565149999999999
0.0025578
0.0025504499999999992
0.002543099999999999
0.0025357499999999994
0.0025283999999999997
0.002521049999999999
0.0025136999999999994
0.002506349999999999
0.002498999999999999
0.0024916499999999993
0.002484299999999999
0.002476949999999999
0.0024695999999999993
0.002462249999999999
0.002454899999999999
0.0024475499999999993
0.0024401999999999996
0.002432849999999999
0.0024254999999999993
0.002418149999999999
0.0024107999999999994
0.002403449999999999
0.002396099999999999
0.0023887499999999994
0.0023813999999999997
0.0023740499999999995
0.002366699999999999
0.002359349999999999
0.002351999999999999
0.0023446499999999993
0.0023372999999999988
0.002329949999999999
0.0023225999999999993
0.0023152499999999996
0.002307899999999999
0.0023005499999999993
0.002293199999999999
0.0022858499999999994
0.002278499999999999
0.002271149999999999
0.0022637999999999994
0.0022564499999999997
0.002249099999999999
0.0022417499999999994
0.0022343999999999992
0.0022270499999999995
0.002219699999999999
0.002212349999999999
0.0022049999999999995
0.0021976499999999993
0.0021902999999999996
0.002182949999999999
0.0021755999999999993
0.002168249999999999
0.0021608999999999995
0.002153549999999999
0.002146199999999999
0.0021388499999999994
0.0021314999999999997
0.002124149999999999
0.0021167999999999994
0.0021094499999999993
0.0021020999999999995
0.002094749999999999
0.0020873999999999992
0.0020800499999999995
0.0020727
0.0020653499999999992
0.0020579999999999995
0.0020506499999999993
0.0020432999999999996
0.002035949999999999
0.002028599999999999
0.002021249999999999
0.0020138999999999995
0.0020065499999999997
0.001999199999999999
0.0019918499999999994
0.0019844999999999993
0.0019771499999999996
0.001969799999999999
0.0019624499999999993
0.0019550999999999995
0.0019477499999999996
0.001940399999999999
0.0019330499999999993
0.0019256999999999994
0.0019183499999999997
0.001910999999999999
0.0019036499999999994
0.0018962999999999994
0.0018889499999999997
0.0018815999999999991
0.0018742499999999994
0.0018668999999999995
0.0018595499999999997
0.0018521999999999992
0.0018448499999999992
0.0018374999999999995
0.0018301499999999996
0.0018227999999999996
0.001815449999999999
0.0018080999999999993
0.0018007499999999994
0.0017933999999999997
0.001786049999999999
0.0017786999999999994
0.0017713499999999994
0.0017639999999999997
0.0017566499999999991
0.0017492999999999994
0.0017419499999999995
0.0017345999999999998
0.0017272499999999992
0.0017198999999999995
0.0017125499999999995
0.0017051999999999998
0.0016978499999999992
0.0016904999999999995
0.0016831499999999994
0.0016757999999999996
0.0016684499999999993
0.0016610999999999991
0.0016537499999999994
0.0016463999999999997
0.0016390499999999998
0.0016316999999999992
0.0016243499999999994
0.0016169999999999995
0.0016096499999999998
0.0016022999999999992
0.0015949499999999995
0.0015875999999999996
0.0015802499999999998
0.0015728999999999993
0.0015655499999999995
0.0015581999999999994
0.0015508499999999997
0.0015434999999999993
0.0015361499999999996
0.0015287999999999994
0.0015214499999999997
0.0015140999999999991
0.0015067499999999994
0.0014993999999999995
0.0014920499999999998
0.0014846999999999992
0.0014773499999999992
0
0.0014626499999999998
0.0014552999999999999
0.0014479500000000001
0.0014406
0.001433249999999999
0.0014258999999999993
0.0014185499999999993
0.0014111999999999996
0.0014038499999999995
0.0013964999999999997
0.00138915
0.0013818
0.001374449999999999
0.001367099999999999
0.0013597499999999992
0.0013523999999999995
0.0013450499999999995
0.0013376999999999998
0.00133035
0.0013230000000000002
0.001315649999999999
0.001308299999999999
0.0013009499999999993
0.0012935999999999994
0.0012862499999999996
0.0012789
0.0012715499999999998
0.0012642
0.0012568500000000001
0.001249499999999999
0.0012421499999999994
0.0012347999999999992
0.0012274499999999995
0.0012200999999999998
0.0012127499999999999
0.0012054
0.0011980500000000002
0.001190699999999999
0.0011833499999999992
0.0011759999999999993
0.0011686499999999994
0.0011612999999999997
0.00115395
0.0011466
0.00113925
0.001131899999999999
0.0011245499999999991
0.0011171999999999994
0.0011098499999999995
0.0011024999999999997
0.0010951499999999998
0.0010877999999999999
0.0010804500000000002
0.0010731000000000002
0.0010657499999999992
0.0010583999999999993
0.0010510499999999993
0.0010436999999999996
0.00103635
0.001029
0.00102165
0.0010143000000000003
0.001006949999999999
0.0009995999999999994
0.0009922499999999994
0.0009848999999999995
0.0009775499999999998
0.0009702
0.0009628500000000001
0.0009555000000000002
0.0009481499999999991
0.0009407999999999992
0.0009334499999999994
0.0009260999999999996
0.0009187499999999998
0.0009113999999999998
0.00090405
0.0008967000000000002
0.0008893500000000003
0.0008819999999999992
0.0008746499999999993
0.0008672999999999995
0.0008599499999999997
0.0008525999999999999
0.00084525
0.0008379000000000001
0.0008305500000000003
0.0008231999999999992
0.0008158499999999994
0.0008084999999999994
0.0008011499999999996
0.0007937999999999998
0.0007864500000000001
0.0007791000000000001
0.0007717500000000003
0.0007643999999999991
0.0007570499999999993
0.0007496999999999995
0.0007423499999999996
0.0007349999999999998
0.0007276499999999999
0.0007203
0.0007129500000000002
0.0007056000000000005
0.0006982499999999992
0.0006908999999999994
0.0006835499999999995
0.0006761999999999997
0.0006688499999999999
0.0006615000000000001
0.0006541500000000002
0.0006468000000000003
0.0006394499999999992
0.0006320999999999994
0.0006247499999999995
0.0006173999999999996
0.0006100499999999999
0.0006027
0.0005953500000000001
0.0005880000000000003
0.0005806499999999992
0.0005732999999999994
0.0005659499999999995
0.0005585999999999997
0.0005512499999999999
0.0005438999999999999
0.0005365500000000001
0.0005292000000000003
0.0005218500000000005
0.0005144999999999993
0.0005071499999999995
0.0004997999999999997
0.0004924499999999997
0.0004851
0.0004777500000000001
0.00047040000000000027
0.0004630500000000004
0.0004556999999999993
0.00044834999999999943
0.0004409999999999996
0.0004336499999999997
0.00042629999999999995
0.0004189500000000001
0.0004116000000000002
0.0004042500000000004
0.00039689999999999924
0.0003895499999999994
0.00038219999999999953
0.00037484999999999976
0.0003674999999999999
0.00036015
0.00035280000000000023
0.00034545000000000035
0.0003381000000000005
0.00033074999999999934
0.00032339999999999957
0.0003160499999999997
0.0003086999999999998
0.00030135
0.00029400000000000015
0.0002866500000000003
0.0002793000000000005
0.0002719499999999993
0.0002645999999999995
0.00025724999999999967
0.00024989999999999984
0.00024255
0.00023520000000000013
0.0002278500000000003
0.00022050000000000043
0.00021314999999999933
0.00020579999999999945
0.00019844999999999962
0.00019109999999999977
0.00018374999999999994
0.00017640000000000011
0.00016905000000000026
0.00016170000000000043
0.00015435000000000055
0.00014699999999999943
0.0001396499999999996
0.00013229999999999975
0.00012494999999999992
0.00011760000000000007
0.00011025000000000021
0.00010290000000000037
9.555000000000055e-05
8.819999999999939e-05
8.084999999999957e-05
7.349999999999971e-05
6.614999999999987e-05
5.880000000000003e-05
5.145000000000019e-05
4.4100000000000354e-05
3.675000000000051e-05
2.9399999999999363e-05
2.2049999999999523e-05
1.4699999999999681e-05
0
0
